position: 
  x: -0.052048140106731866
  y: -0.3018408397453633
  z: 0.47397592994663407
orientation: 
  x: 0.09718039898660195
  y: -0.02259606006550664
  z: 0.09718039898660195
  w: 0.9902531788260646
[[ 3.34865212e+00 -1.91863537e+00  2.11888328e-01]
 [ 2.15334821e+00 -1.06468177e+00  4.46024150e-01]
 [ 2.22427106e+00 -2.31759262e+00 -9.28151369e-01]
 [ 1.90007460e+00  3.91789460e+00  5.15055396e-02]
 [ 2.80255175e+00 -2.63876581e+00 -9.52283859e-01]
 [ 2.30703354e+00  3.03557158e-01 -1.99721567e-02]
 [ 4.62416029e+00  8.41062609e-03  6.63048983e-01]
 [ 1.76962101e+00  3.82850909e+00  7.99401164e-01]
 [ 2.30506086e+00  6.77050710e-01  8.40660870e-01]
 [ 3.61886477e+00 -1.33914456e-01 -5.56378007e-01]
 [ 2.52124405e+00  1.77477568e-01  3.02828789e-01]
 [ 2.93972349e+00 -1.88155675e+00 -5.84363043e-01]
 [ 3.82984972e+00  2.39946675e+00  8.04040313e-01]
 [ 2.36389756e+00 -2.74472427e+00  3.21657002e-01]
 [ 1.25390387e+00  9.12373483e-01  2.48328105e-01]
 [ 4.00103712e+00  2.09498310e+00 -4.86781418e-01]
 [ 3.61884832e+00 -2.59134483e+00 -8.00453842e-01]
 [ 2.60368180e+00 -3.55968893e-01 -3.80547851e-01]
 [ 3.20879388e+00 -2.87550259e+00  8.13125372e-01]
 [ 1.52961183e+00  3.40611696e+00  3.45143497e-01]
 [ 2.42931461e+00 -2.91753101e+00  1.77490130e-01]
 [ 4.25035429e+00  1.40991592e+00  9.19337153e-01]
 [ 3.88605976e+00  2.23518276e+00 -4.10095928e-03]
 [ 1.78792310e+00 -4.29642856e-01  5.97444177e-01]
 [ 4.18002796e+00 -2.03236341e+00 -5.36745250e-01]
 [ 2.44394732e+00 -2.40594649e+00 -1.44692332e-01]
 [ 3.40549493e+00 -6.11541629e-01  4.79895361e-02]
 [ 5.60351312e-01  4.08932477e-01  8.99877429e-01]
 [ 3.57682419e+00 -2.42739487e+00  7.89793313e-01]
 [ 2.55085754e+00 -1.75416753e-01 -1.90170646e-01]]
[[ 3.01223755e+00 -2.27446604e+00 -2.65446715e-02]
 [ 2.01623869e+00 -1.17343116e+00  6.57367706e-02]
 [ 1.76265669e+00 -2.65142107e+00 -1.03626859e+00]
 [ 2.67999673e+00  3.59658289e+00 -1.29523766e+00]
 [ 2.26748395e+00 -3.07883978e+00 -1.01165140e+00]
 [ 2.39453936e+00  2.52247900e-02 -6.64305806e-01]
 [ 4.65349197e+00 -5.86458743e-01  3.28971515e-03]
 [ 2.58292508e+00  3.67691517e+00 -5.41261792e-01]
 [ 2.51762104e+00  5.46860754e-01  1.05718441e-01]
 [ 3.56383920e+00 -7.54849911e-01 -1.13784099e+00]
 [ 2.60131574e+00 -7.75504559e-02 -3.28652024e-01]
 [ 2.56775093e+00 -2.30804181e+00 -8.03666174e-01]
 [ 4.33366489e+00  1.89715588e+00 -3.08681220e-01]
 [ 1.89870822e+00 -2.85484672e+00  2.69130230e-01]
 [ 1.49395418e+00  8.68820012e-01 -4.93959963e-01]
 [ 4.36203098e+00  1.32770407e+00 -1.51829112e+00]
 [ 3.08610988e+00 -3.16534925e+00 -8.93291771e-01]
 [ 2.53829479e+00 -7.35599697e-01 -8.95542026e-01]
 [ 2.73346400e+00 -3.05457687e+00  7.54706562e-01]
 [ 2.23934412e+00  3.23229265e+00 -8.97116661e-01]
 [ 1.92114770e+00 -3.06111765e+00  1.60160094e-01]
 [ 4.56702566e+00  8.83891225e-01 -1.17544681e-02]
 [ 4.30642843e+00  1.57602179e+00 -1.06984615e+00]
 [ 1.78716004e+00 -4.61966306e-01  9.85807106e-02]
 [ 3.75802922e+00 -2.68835974e+00 -7.59387672e-01]
 [ 2.01120138e+00 -2.63233376e+00 -2.56696016e-01]
 [ 3.30334973e+00 -1.05876446e+00 -4.45962638e-01]
 [ 7.60989726e-01  6.43468499e-01  2.61661768e-01]
 [ 3.17695999e+00 -2.70023489e+00  6.34106755e-01]
 [ 2.53259492e+00 -5.15664101e-01 -7.43131995e-01]]
[[ 228.  301.]
 [ 118.  201.]
 [ 278.  185.]
 [-374.  278.]
 [ 318.  234.]
 [  -2.  248.]
 [  59.  465.]
 [-370.  260.]
 [ -54.  251.]
 [  80.  373.]
 [   8.  262.]
 [ 237.  263.]
 [-190.  434.]
 [ 286.  190.]
 [ -90.  155.]
 [-139.  459.]
 [ 322.  314.]
 [  78.  268.]
 [ 310.  277.]
 [-331.  229.]
 [ 306.  192.]
 [ -88.  456.]
 [-161.  442.]
 [  47.  178.]
 [ 272.  380.]
 [ 264.  201.]
 [ 107.  333.]
 [ -66.   78.]
 [ 273.  321.]
 [  54.  263.]]
[[ 0.64674133  3.77458286]
 [ 0.52707171  2.33376956]
 [ 0.98408926  3.34825993]
 [-0.93040591  4.66855764]
 [ 0.93600851  3.95527196]
 [-0.01053391  2.48510718]
 [ 0.1253646   4.6903019 ]
 [-0.95841414  4.52594423]
 [-0.21389069  2.57849741]
 [ 0.20872326  3.81646824]
 [ 0.02980318  2.62314129]
 [ 0.73218346  3.54489517]
 [-0.41263849  4.74079466]
 [ 0.98389137  3.43913865]
 [-0.52674836  1.79742694]
 [-0.29546797  4.80575895]
 [ 0.79807281  4.51015329]
 [ 0.28207362  2.79034805]
 [ 0.84082001  4.16795492]
 [-0.96491647  4.0332613 ]
 [ 1.01033187  3.61758208]
 [-0.19117408  4.65178728]
 [-0.3508302   4.70889997]
 [ 0.2529549   1.84853232]
 [ 0.62096328  4.68259907]
 [ 0.91837162  3.32265019]
 [ 0.31016764  3.49742532]
 [-0.70191538  1.0303514 ]
 [ 0.70446098  4.21739674]
 [ 0.20086522  2.68927336]]
11009
[ 2  4  6  8  9 16 17 18 19 20 24 25 42 44 54 55 58 60 61 69 71 77 79 80
 83 84 91 92 94 99]

position: 
  x: -0.1342030973483661
  y: -0.4332409319102269
  z: 0.43289845132581695
orientation: 
  x: 0.09034882824582459
  y: -0.04217669851936895
  z: 0.09034882824582459
  w: 0.9909063046379406
[[ 3.34865212e+00 -1.91863537e+00  2.11888328e-01]
 [ 2.15334821e+00 -1.06468177e+00  4.46024150e-01]
 [ 1.90007460e+00  3.91789460e+00  5.15055396e-02]
 [ 2.80255175e+00 -2.63876581e+00 -9.52283859e-01]
 [ 2.30703354e+00  3.03557158e-01 -1.99721567e-02]
 [ 4.62416029e+00  8.41062609e-03  6.63048983e-01]
 [ 1.76962101e+00  3.82850909e+00  7.99401164e-01]
 [ 2.30506086e+00  6.77050710e-01  8.40660870e-01]
 [ 3.61886477e+00 -1.33914456e-01 -5.56378007e-01]
 [ 2.52124405e+00  1.77477568e-01  3.02828789e-01]
 [ 2.93972349e+00 -1.88155675e+00 -5.84363043e-01]
 [ 3.82984972e+00  2.39946675e+00  8.04040313e-01]
 [ 2.36389756e+00 -2.74472427e+00  3.21657002e-01]
 [ 1.25390387e+00  9.12373483e-01  2.48328105e-01]
 [ 4.00103712e+00  2.09498310e+00 -4.86781418e-01]
 [ 3.61884832e+00 -2.59134483e+00 -8.00453842e-01]
 [ 3.20879388e+00 -2.87550259e+00  8.13125372e-01]
 [ 1.52961183e+00  3.40611696e+00  3.45143497e-01]
 [ 2.42931461e+00 -2.91753101e+00  1.77490130e-01]
 [ 4.25035429e+00  1.40991592e+00  9.19337153e-01]
 [ 3.88605976e+00  2.23518276e+00 -4.10095928e-03]
 [ 1.78792310e+00 -4.29642856e-01  5.97444177e-01]
 [ 4.18002796e+00 -2.03236341e+00 -5.36745250e-01]
 [ 2.44394732e+00 -2.40594649e+00 -1.44692332e-01]
 [ 3.40549493e+00 -6.11541629e-01  4.79895361e-02]
 [ 5.60351312e-01  4.08932477e-01  8.99877429e-01]
 [ 3.57682419e+00 -2.42739487e+00  7.89793313e-01]
 [ 2.55085754e+00 -1.75416753e-01 -1.90170646e-01]]
[[ 3.13687587 -2.12494683 -0.17358717]
 [ 2.13512802 -1.03560328 -0.02312245]
 [ 2.70165229  3.76393032 -1.32288718]
 [ 2.36186504 -2.91919804 -1.14344966]
 [ 2.4737606   0.17938386 -0.74560696]
 [ 4.7624588  -0.42158437 -0.17692116]
 [ 2.63319302  3.83002996 -0.56440187]
 [ 2.62184381  0.68859154  0.02832412]
 [ 3.63091731 -0.58064836 -1.27791619]
 [ 2.69434929  0.07277187 -0.42009637]
 [ 2.66287971 -2.14924574 -0.93342322]
 [ 4.40793514  2.06384873 -0.43165949]
 [ 2.0410502  -2.7214148   0.15444466]
 [ 1.57274854  1.01091063 -0.52545863]
 [ 4.39455128  1.51606083 -1.65148962]
 [ 3.18522978 -2.99967933 -1.05839539]
 [ 2.89583063 -2.92139053  0.60372585]
 [ 2.28015804  3.38835859 -0.91463381]
 [ 2.06113768 -2.92550588  0.04100318]
 [ 4.66195631  1.04787624 -0.1622135 ]
 [ 4.35412073  1.75589383 -1.19684494]
 [ 1.90096438 -0.32712501  0.03131913]
 [ 3.85742688 -2.51849961 -0.94202381]
 [ 2.13099194 -2.48858976 -0.37125772]
 [ 3.40029263 -0.89924061 -0.58205301]
 [ 0.87177753  0.76507437  0.25376442]
 [ 3.33103251 -2.56061649  0.47245303]
 [ 2.61361957 -0.35864446 -0.83940828]]
[[ 213.  314.]
 [ 104.  213.]
 [-391.  280.]
 [ 305.  246.]
 [ -18.  258.]
 [  43.  476.]
 [-385.  265.]
 [ -68.  262.]
 [  62.  384.]
 [  -7.  272.]
 [ 223.  276.]
 [-207.  442.]
 [ 272.  204.]
 [-105.  163.]
 [-160.  466.]
 [ 308.  327.]
 [ 295.  292.]
 [-347.  233.]
 [ 292.  206.]
 [-104.  466.]
 [-181.  449.]
 [  33.  190.]
 [ 257.  393.]
 [ 250.  214.]
 [  92.  344.]
 [ -78.   89.]
 [ 257.  335.]
 [  38.  274.]]
[[ 0.59540248  3.79282498]
 [ 0.45160085  2.37313724]
 [-0.94824064  4.81831169]
 [ 0.89054322  3.92525148]
 [-0.07238794  2.58990335]
 [ 0.08829227  4.78435469]
 [-0.96850061  4.68202782]
 [-0.25683591  2.71090865]
 [ 0.15857513  3.89278603]
 [-0.02700251  2.7278738 ]
 [ 0.67906326  3.54703617]
 [-0.43789554  4.88627577]
 [ 0.92729777  3.40526605]
 [-0.57127357  1.94205689]
 [-0.33220148  4.93334961]
 [ 0.75540662  4.50155163]
 [ 0.78979194  4.15750456]
 [-0.97846401  4.18528986]
 [ 0.95702946  3.57890415]
 [-0.22109723  4.78102446]
 [-0.38332367  4.84499407]
 [ 0.17041464  1.92915976]
 [ 0.57840854  4.70212603]
 [ 0.8626532   3.29727745]
 [ 0.2585409   3.56502581]
 [-0.72030222  1.18732107]
 [ 0.65537184  4.22797203]
 [ 0.13636969  2.76843619]]
11010
[ 2  4  8  9 16 17 18 19 20 24 25 42 44 54 55 58 61 69 71 77 79 80 83 84
 91 92 94 99]

position: 
  x: -0.2508746449185386
  y: -0.4962418070306989
  z: 0.3745626775407307
orientation: 
  x: 0.07940915282629304
  y: -0.06023449610421165
  z: 0.07940915282629304
  w: 0.9918468522780584
[[ 3.34865212e+00 -1.91863537e+00  2.11888328e-01]
 [ 2.15334821e+00 -1.06468177e+00  4.46024150e-01]
 [ 1.90007460e+00  3.91789460e+00  5.15055396e-02]
 [ 2.80255175e+00 -2.63876581e+00 -9.52283859e-01]
 [ 2.30703354e+00  3.03557158e-01 -1.99721567e-02]
 [ 4.62416029e+00  8.41062609e-03  6.63048983e-01]
 [ 1.76962101e+00  3.82850909e+00  7.99401164e-01]
 [ 2.30506086e+00  6.77050710e-01  8.40660870e-01]
 [ 2.52124405e+00  1.77477568e-01  3.02828789e-01]
 [ 2.93972349e+00 -1.88155675e+00 -5.84363043e-01]
 [ 2.36389756e+00 -2.74472427e+00  3.21657002e-01]
 [ 1.25390387e+00  9.12373483e-01  2.48328105e-01]
 [ 3.61884832e+00 -2.59134483e+00 -8.00453842e-01]
 [ 3.20879388e+00 -2.87550259e+00  8.13125372e-01]
 [ 1.52961183e+00  3.40611696e+00  3.45143497e-01]
 [ 2.42931461e+00 -2.91753101e+00  1.77490130e-01]
 [ 2.31612182e+00  2.53580499e+00 -2.09914878e-01]
 [ 4.25035429e+00  1.40991592e+00  9.19337153e-01]
 [ 3.88605976e+00  2.23518276e+00 -4.10095928e-03]
 [ 1.78792310e+00 -4.29642856e-01  5.97444177e-01]
 [ 4.18002796e+00 -2.03236341e+00 -5.36745250e-01]
 [ 2.44394732e+00 -2.40594649e+00 -1.44692332e-01]
 [ 3.40549493e+00 -6.11541629e-01  4.79895361e-02]
 [ 5.60351312e-01  4.08932477e-01  8.99877429e-01]
 [ 3.57682419e+00 -2.42739487e+00  7.89793313e-01]
 [ 2.55085754e+00 -1.75416753e-01 -1.90170646e-01]]
[[ 3.29606891 -2.01202917 -0.30647489]
 [ 2.28179097 -0.94524992 -0.09192951]
 [ 2.71864152  3.89559722 -1.28407872]
 [ 2.50048494 -2.79499531 -1.26882625]
 [ 2.57330608  0.2938509  -0.7937113 ]
 [ 4.89095306 -0.27996147 -0.32258779]
 [ 2.67635059  3.94092035 -0.5221647 ]
 [ 2.74032187  0.78559011 -0.01237345]
 [ 2.80724788  0.18291974 -0.47915092]
 [ 2.79556751 -2.02536893 -1.04939747]
 [ 2.22315407 -2.63649797  0.04438968]
 [ 1.66662073  1.10297501 -0.51991522]
 [ 3.327636   -2.86270094 -1.21517825]
 [ 3.09683657 -2.83243489  0.45764682]
 [ 2.31860709  3.50207472 -0.87116867]
 [ 2.24265933 -2.83720708 -0.0750301 ]
 [ 2.88739967  2.4401722  -1.35383737]
 [ 4.76579189  1.18657219 -0.26561821]
 [ 4.40885448  1.91526377 -1.26966906]
 [ 2.03758693 -0.24276626 -0.01057157]
 [ 3.99520683 -2.37256861 -1.11008525]
 [ 2.29013419 -2.3886404  -0.47785583]
 [ 3.52352571 -0.7716524  -0.69159448]
 [ 0.9984287   0.82451934  0.27693254]
 [ 3.52077341 -2.46057606  0.32057083]
 [ 2.71893525 -0.23896429 -0.90655535]]
[[ 202.  330.]
 [  95.  228.]
 [-403.  281.]
 [ 295.  263.]
 [ -30.  269.]
 [  29.  490.]
 [-396.  269.]
 [ -78.  274.]
 [ -18.  284.]
 [ 212.  292.]
 [ 263.  222.]
 [-113.  172.]
 [ 297.  345.]
 [ 284.  311.]
 [-357.  236.]
 [ 283.  224.]
 [-259.  306.]
 [-118.  477.]
 [-198.  456.]
 [  25.  203.]
 [ 244.  410.]
 [ 242.  231.]
 [  79.  358.]
 [ -84.  102.]
 [ 247.  353.]
 [  26.  286.]]
[[ 0.54805553  3.87379122]
 [ 0.39273691  2.47154164]
 [-0.96149766  4.92092943]
 [ 0.84095639  3.9590838 ]
 [-0.11369947  2.7089169 ]
 [ 0.05717828  4.90956879]
 [-0.97422296  4.79232311]
 [-0.27919045  2.85073137]
 [-0.06506783  2.85371447]
 [ 0.62697577  3.6081233 ]
 [ 0.87025017  3.44898629]
 [-0.58462805  2.06506419]
 [ 0.71043229  4.5546546 ]
 [ 0.74083507  4.22167301]
 [-0.98598504  4.28945208]
 [ 0.9019081   3.6173048 ]
 [-0.70164871  4.01551914]
 [-0.24401551  4.91846323]
 [-0.40981647  4.97174931]
 [ 0.11858499  2.05202532]
 [ 0.53588796  4.77734756]
 [ 0.80644894  3.34345078]
 [ 0.21559635  3.67273521]
 [-0.69028592  1.3241539 ]
 [ 0.60996968  4.30732489]
 [ 0.08766367  2.87603116]]
11011
[ 2  4  8  9 16 17 18 19 24 25 44 54 58 61 69 71 75 77 79 80 83 84 91 92
 94 99]

position: 
  x: -0.397411456393994
  y: -0.4808970121888808
  z: 0.301294271803003
orientation: 
  x: 0.06471401039076406
  y: -0.07581619978740725
  z: 0.06471401039076406
  w: 0.9929129355427314
[[ 3.34865212 -1.91863537  0.21188833]
 [ 2.15334821 -1.06468177  0.44602415]
 [ 1.9000746   3.9178946   0.05150554]
 [ 2.80255175 -2.63876581 -0.95228386]
 [ 2.30703354  0.30355716 -0.01997216]
 [ 1.76962101  3.82850909  0.79940116]
 [ 2.30506086  0.67705071  0.84066087]
 [ 2.52124405  0.17747757  0.30282879]
 [ 2.93972349 -1.88155675 -0.58436304]
 [ 2.36389756 -2.74472427  0.321657  ]
 [ 1.25390387  0.91237348  0.2483281 ]
 [ 3.61884832 -2.59134483 -0.80045384]
 [ 3.20879388 -2.87550259  0.81312537]
 [ 1.52961183  3.40611696  0.3451435 ]
 [ 2.42931461 -2.91753101  0.17749013]
 [ 2.31612182  2.53580499 -0.20991488]
 [ 1.7879231  -0.42964286  0.59744418]
 [ 4.18002796 -2.03236341 -0.53674525]
 [ 2.44394732 -2.40594649 -0.14469233]
 [ 1.48191261 -2.68300366  0.34146464]
 [ 3.40549493 -0.61154163  0.04798954]
 [ 0.56035131  0.40893248  0.89987743]
 [ 3.57682419 -2.42739487  0.78979331]
 [ 2.3047049   2.03231215 -0.19167322]
 [ 2.55085754 -0.17541675 -0.19017065]]
[[ 3.48675537 -1.94243491 -0.42137891]
 [ 2.45377922 -0.90965629 -0.14006704]
 [ 2.73425841  3.97765899 -1.17994225]
 [ 2.68100309 -2.71314836 -1.38516009]
 [ 2.69275546  0.35909134 -0.80791396]
 [ 2.71465302  3.99658942 -0.41599655]
 [ 2.87193823  0.82875657 -0.01576588]
 [ 2.93904757  0.24380924 -0.50454479]
 [ 2.96380329 -1.94392633 -1.14879382]
 [ 2.44096088 -2.60544133 -0.05950976]
 [ 1.77546072  1.13522828 -0.47942293]
 [ 3.51083803 -2.76141286 -1.35896933]
 [ 3.33165503 -2.79256153  0.32015285]
 [ 2.35707951  3.56055236 -0.76867545]
 [ 2.46165323 -2.80151439 -0.18620965]
 [ 2.93643832  2.53014255 -1.30414665]
 [ 2.19505954 -0.21673515 -0.02754001]
 [ 4.16912794 -2.25811768 -1.25761116]
 [ 2.48551345 -2.33876634 -0.57483435]
 [ 1.58697689 -2.4204042   0.07676921]
 [ 3.67156935 -0.68455422 -0.77090454]
 [ 1.13948607  0.81349295  0.32742721]
 [ 3.741853   -2.40563703  0.18297334]
 [ 2.86838365  2.03882837 -1.21499932]
 [ 2.84783053 -0.1657878  -0.94314432]]
[[ 196.  350.]
 [  92.  245.]
 [-409.  281.]
 [ 288.  285.]
 [ -37.  280.]
 [-401.  272.]
 [ -82.  287.]
 [ -24.  298.]
 [ 205.  311.]
 [ 260.  244.]
 [-116.  182.]
 [ 288.  366.]
 [ 280.  334.]
 [-361.  239.]
 [ 280.  246.]
 [-266.  309.]
 [  22.  219.]
 [ 234.  431.]
 [ 238.  252.]
 [ 243.  158.]
 [  70.  374.]
 [ -83.  117.]
 [ 241.  374.]
 [-215.  303.]
 [  18.  299.]]
[[ 0.50826991  4.01348686]
 [ 0.35500994  2.62071109]
 [-0.96857423  4.96892405]
 [ 0.7913574   4.05803156]
 [-0.13257243  2.83418465]
 [-0.9741379   4.84923935]
 [-0.28093827  2.9891665 ]
 [-0.08276568  2.9919908 ]
 [ 0.58050406  3.72595048]
 [ 0.81798029  3.57073617]
 [-0.56888694  2.16121507]
 [ 0.66647929  4.66885233]
 [ 0.69759798  4.35899353]
 [-0.98603266  4.33868837]
 [ 0.84988213  3.73401856]
 [-0.71121103  4.08963203]
 [ 0.09841871  2.20590544]
 [ 0.49639311  4.90533495]
 [ 0.75498909  3.46093059]
 [ 0.99044824  2.89529729]
 [ 0.18433082  3.81357169]
 [-0.62000209  1.43784833]
 [ 0.5713678   4.45219421]
 [-0.61793321  3.72299194]
 [ 0.05814984  3.00452089]]
11012
[ 2  4  8  9 16 18 19 24 25 44 54 58 61 69 71 75 80 83 84 90 91 92 94 95
 99]

position: 
  x: -0.5679715715248657
  y: -0.3896291530888534
  z: 0.21601421423756717
orientation: 
  x: 0.046859918611614364
  y: -0.08803805140605331
  z: 0.046859918611614364
  w: 0.9939102562908037
[[ 3.34865212 -1.91863537  0.21188833]
 [ 2.15334821 -1.06468177  0.44602415]
 [ 1.9000746   3.9178946   0.05150554]
 [ 0.80592328  2.54004073  0.43030179]
 [ 2.30703354  0.30355716 -0.01997216]
 [ 1.76962101  3.82850909  0.79940116]
 [ 2.30506086  0.67705071  0.84066087]
 [ 2.52124405  0.17747757  0.30282879]
 [ 2.93972349 -1.88155675 -0.58436304]
 [ 2.36389756 -2.74472427  0.321657  ]
 [ 1.25390387  0.91237348  0.2483281 ]
 [ 3.61884832 -2.59134483 -0.80045384]
 [ 3.20879388 -2.87550259  0.81312537]
 [ 1.52961183  3.40611696  0.3451435 ]
 [ 2.42931461 -2.91753101  0.17749013]
 [ 2.31612182  2.53580499 -0.20991488]
 [ 1.7879231  -0.42964286  0.59744418]
 [ 1.3447125   0.26303744 -0.04488092]
 [ 2.44394732 -2.40594649 -0.14469233]
 [ 1.48191261 -2.68300366  0.34146464]
 [ 3.40549493 -0.61154163  0.04798954]
 [ 0.56035131  0.40893248  0.89987743]
 [ 3.57682419 -2.42739487  0.78979331]
 [ 2.3047049   2.03231215 -0.19167322]
 [ 2.55085754 -0.17541675 -0.19017065]]
[[ 3.70815969 -1.91307235 -0.5172261 ]
 [ 2.6511364  -0.92553782 -0.17040551]
 [ 2.75513792  4.00546265 -1.01909769]
 [ 1.6337297   2.78281713 -0.32144699]
 [ 2.8343277   0.3755374  -0.79209173]
 [ 2.75386     3.99358535 -0.2547594 ]
 [ 3.01849699  0.81901664  0.01388494]
 [ 3.09148216  0.25624946 -0.49947476]
 [ 3.16767001 -1.90245438 -1.23162913]
 [ 2.69255376 -2.62273216 -0.15786456]
 [ 1.90196729  1.10857177 -0.4111861 ]
 [ 3.73425961 -2.69321704 -1.48731565]
 [ 3.59770679 -2.79630947  0.19293834]
 [ 2.40127325  3.56067419 -0.6162014 ]
 [ 2.7161355  -2.81289387 -0.29280186]
 [ 2.99867415  2.57113123 -1.20615649]
 [ 2.37405825 -0.2461673  -0.02404471]
 [ 1.88324165  0.43083823 -0.64821261]
 [ 2.71611166 -2.33463931 -0.66294628]
 [ 1.83690751 -2.47043848  0.00576792]
 [ 3.8454392  -0.63713789 -0.82010186]
 [ 1.29635549  0.73519433  0.39677933]
 [ 3.99227357 -2.39143658  0.06184186]
 [ 2.94801116  2.07476687 -1.1352756 ]
 [ 3.00210428 -0.1384028  -0.95193583]]
[[ 193.  373.]
 [  93.  265.]
 [-409.  281.]
 [-279.  164.]
 [ -38.  294.]
 [-399.  275.]
 [ -81.  301.]
 [ -25.  313.]
 [ 201.  333.]
 [ 262.  269.]
 [-112.  193.]
 [ 283.  392.]
 [ 279.  360.]
 [-359.  242.]
 [ 282.  272.]
 [-268.  313.]
 [  25.  237.]
 [ -45.  198.]
 [ 238.  276.]
 [ 248.  183.]
 [  66.  392.]
 [ -76.  134.]
 [ 240.  399.]
 [-217.  309.]
 [  15.  314.]]
[[ 0.47629353  4.20449972]
 [ 0.33588159  2.81321549]
 [-0.96827465  4.9671998 ]
 [-1.03993273  3.2429111 ]
 [-0.13172884  2.96679139]
 [-0.96710414  4.85771227]
 [-0.26495346  3.12766767]
 [-0.08269982  3.14203763]
 [ 0.54084933  3.89491677]
 [ 0.77226293  3.76211238]
 [-0.52771771  2.23952794]
 [ 0.62482506  4.83841085]
 [ 0.66071284  4.560709  ]
 [-0.97746778  4.33868837]
 [ 0.80289644  3.92116022]
 [-0.70878756  4.13008165]
 [ 0.10332126  2.38690805]
 [-0.22490445  2.03774381]
 [ 0.71001345  3.64243054]
 [ 0.93143266  3.07852721]
 [ 0.16419499  3.98320413]
 [-0.51589513  1.54223287]
 [ 0.5396958   4.65414238]
 [-0.61326194  3.77945471]
 [ 0.04606931  3.15245438]]
11013
[ 2  4  8 15 16 18 19 24 25 44 54 58 61 69 71 75 80 81 84 90 91 92 94 95
 99]

